G0
0.87222224
0.83090276
0.83090276
0.809375
0.7986111
0.7892361
0.778125
0.7685764
0.7671875
0.75850695
0.7486111
0.7482639
0.7473958
0.73854166
0.73680556
0.73645836
0.72934026
0.72881943
0.7279514
0.7265625
0.72586805
0.72552085
0.71631944
0.7161458
0.71493053
0.70642364
0.70642364
0.70625
0.7060764
0.6967014
0.6965278
0.6953125
0.6859375
0.68472224
0.67690974
0.67604166
0.67586803
0.675
0.6736111
0.6706597
0.66475695
0.6638889
0.6637153
0.6548611
0.6453125
0.64513886
0.64427084
0.6435764
0.64288193
0.64270836
0.634375
0.6322917
0.6237847
0.6232639
0.62274307
0.6220486
0.6123264
0.6041667
0.603125
0.5935764
0.59305555
0.5923611
0.59131944
0.590625
0.58194447
0.5717014
0.5708333
0.5708333
0.56024307
0.5520833
0.55190974
0.5515625
0.5515625
0.5425347
0.54131943
0.5402778
0.5388889
0.5307292
0.53020835
0.5298611
0.5296875
0.521875
0.5015625
0.4998264
0.4904514
0.47013888
0.459375
0.45868057
0.45833334
0.4578125
0.45729166
0.4484375
0.446875
0.44600695
0.41458333
0.40590277
0.39722222
0.39704862
0.325
0.28993055
G1
0.87222224
0.8715278
0.8501736
0.83090276
0.8298611
0.8206597
0.8098958
0.80972224
0.7881944
0.7786458
0.778125
0.7777778
0.77760416
0.7703125
0.7685764
0.7682292
0.76805556
0.7579861
0.7578125
0.7576389
0.74670136
0.7282986
0.7279514
0.7279514
0.7260417
0.71770835
0.71545136
0.70711803
0.70625
0.6984375
0.696875
0.69635415
0.69600695
0.6956597
0.6954861
0.6862847
0.68506944
0.6845486
0.684375
0.68420136
0.6765625
0.67552084
0.6753472
0.67465276
0.67430556
0.67430556
0.66614586
0.6649306
0.66475695
0.6631944
0.6550347
0.6527778
0.64618057
0.64444447
0.64427084
0.64392364
0.64375
0.64270836
0.63489586
0.63472223
0.63385415
0.6326389
0.62395835
0.6236111
0.6234375
0.6232639
0.62291664
0.62274307
0.6128472
0.60625
0.6029514
0.5946181
0.59270835
0.59097224
0.5833333
0.58194447
0.58142364
0.57916665
0.5729167
0.57222223
0.5720486
0.571875
0.5628472
0.56145835
0.5611111
0.55277777
0.5517361
0.55069447
0.54965276
0.54097223
0.5390625
0.53020835
0.5298611
0.52118057
0.52013886
0.50850695
0.5012153
0.4998264
0.4888889
0.41666666
G2
0.9227431
0.87222224
0.87170136
0.8715278
0.8501736
0.83142364
0.8310764
0.8208333
0.8201389
0.81024307
0.81006944
0.7902778
0.7895833
0.78836805
0.7878472
0.7777778
0.7690972
0.7682292
0.76770836
0.7664931
0.7576389
0.7513889
0.7482639
0.7473958
0.74722224
0.74722224
0.74375
0.73802084
0.7361111
0.72847223
0.72760415
0.72760415
0.7260417
0.7260417
0.7251736
0.71684027
0.71666664
0.71597224
0.71545136
0.70694447
0.70625
0.7060764
0.7060764
0.7057292
0.6954861
0.6954861
0.6953125
0.68680555
0.68645835
0.6862847
0.6857639
0.68506944
0.6848958
0.68350697
0.6767361
0.6765625
0.6765625
0.67552084
0.6753472
0.6753472
0.67378473
0.6652778
0.6645833
0.6645833
0.65625
0.6559028
0.6449653
0.64375
0.6435764
0.63350695
0.6326389
0.6241319
0.62395835
0.62256944
0.62222224
0.61302084
0.61128473
0.6041667
0.60364586
0.60225695
0.5932292
0.5923611
0.59184027
0.5850694
0.58368057
0.58350694
0.58142364
0.58090276
0.5706597
0.5623264
0.54236114
0.53055555
0.5220486
0.5199653
0.51875
0.5112847
0.50885415
0.49913195
0.44791666
0.43611112
G3
0.9227431
0.89270836
0.87222224
0.83020836
0.81875
0.8095486
0.809375
0.8003472
0.80017364
0.7994792
0.79878473
0.7986111
0.78975695
0.7887153
0.7885417
0.78836805
0.77881944
0.7782986
0.77795136
0.76840276
0.7604167
0.7581597
0.7581597
0.7579861
0.7576389
0.7491319
0.74774307
0.74756944
0.74756944
0.74670136
0.73680556
0.73645836
0.728125
0.7274306
0.72725695
0.7269097
0.7262153
0.7262153
0.7182292
0.7170139
0.71666664
0.70694447
0.70590276
0.70590276
0.70555556
0.70503473
0.696875
0.6951389
0.6949653
0.6857639
0.68559027
0.68559027
0.6848958
0.6848958
0.6845486
0.68385416
0.6767361
0.67638886
0.675
0.675
0.6744792
0.67430556
0.6736111
0.6649306
0.6642361
0.6640625
0.6553819
0.6550347
0.6545139
0.65434027
0.6536458
0.65295136
0.64479166
0.64427084
0.64392364
0.6435764
0.6251736
0.62395835
0.6234375
0.61267364
0.6123264
0.61128473
0.60225695
0.6015625
0.6012153
0.5940972
0.59305555
0.5921875
0.59166664
0.59149307
0.5842014
0.5638889
0.5616319
0.553125
0.55260414
0.54236114
0.5399306
0.53229165
0.53055555
0.4890625
G4
0.9227431
0.89270836
0.871875
0.83125
0.8199653
0.80920136
0.8090278
0.79913193
0.79895836
0.79878473
0.790625
0.77916664
0.77847224
0.778125
0.76875
0.7685764
0.76770836
0.7671875
0.7583333
0.7579861
0.74774307
0.74774307
0.74722224
0.7378472
0.7375
0.73645836
0.73628473
0.73628473
0.7270833
0.7263889
0.7262153
0.7253472
0.7170139
0.7170139
0.71684027
0.71684027
0.7157986
0.70642364
0.70625
0.70625
0.7060764
0.7060764
0.7057292
0.7057292
0.70555556
0.696875
0.6967014
0.6965278
0.6961806
0.69600695
0.6956597
0.6951389
0.6947917
0.6866319
0.6848958
0.68472224
0.6748264
0.66475695
0.6638889
0.65520835
0.6550347
0.65399307
0.64461803
0.64444447
0.64427084
0.6440972
0.63559026
0.6345486
0.6333333
0.6234375
0.6234375
0.62291664
0.62274307
0.6215278
0.61145836
0.6041667
0.60364586
0.6024306
0.6024306
0.6019097
0.6019097
0.6015625
0.59270835
0.5920139
0.59166664
0.5911458
0.58125
0.57239586
0.57100695
0.5701389
0.5612847
0.5611111
0.55138886
0.5404514
0.53020835
0.5008681
0.49878472
0.49739584
0.4373264
0.3862847
G5
0.9227431
0.89270836
0.85381943
0.83993053
0.8203125
0.8203125
0.79930556
0.79895836
0.7881944
0.7795139
0.77881944
0.76892364
0.76788193
0.76770836
0.76753473
0.7673611
0.75972223
0.74774307
0.74722224
0.7470486
0.7470486
0.7465278
0.7456597
0.7378472
0.7378472
0.7373264
0.73715276
0.73680556
0.73680556
0.73663193
0.7270833
0.7269097
0.7267361
0.7263889
0.7263889
0.72586805
0.7256944
0.7173611
0.71597224
0.7074653
0.70711803
0.7060764
0.6967014
0.69635415
0.6958333
0.6958333
0.6956597
0.6954861
0.6949653
0.6949653
0.69461805
0.6866319
0.6859375
0.6859375
0.68541664
0.68541664
0.68524307
0.6848958
0.6831597
0.6744792
0.67395836
0.6654514
0.66510415
0.6642361
0.6640625
0.6635417
0.65694445
0.6546875
0.6536458
0.6532986
0.64392364
0.6432292
0.64305556
0.63489586
0.6342014
0.6336806
0.6336806
0.6326389
0.62430555
0.6234375
0.6223958
0.621875
0.61319447
0.6128472
0.61180556
0.60434026
0.6024306
0.6019097
0.59270835
0.59045136
0.58315974
0.58263886
0.5810764
0.5699653
0.5395833
0.5203125
0.47934029
0.47864583
0.44739583
0.44635418
G6
0.9227431
0.89270836
0.87222224
0.8411458
0.84045136
0.83020836
0.8289931
0.8206597
0.8201389
0.80972224
0.8060764
0.7998264
0.7998264
0.79930556
0.7984375
0.7890625
0.7795139
0.77881944
0.77847224
0.7777778
0.7685764
0.76788193
0.7586806
0.7586806
0.7576389
0.7487847
0.7487847
0.7482639
0.74774307
0.746875
0.73767364
0.73680556
0.73628473
0.73628473
0.72899306
0.7277778
0.7270833
0.7260417
0.71631944
0.7161458
0.7161458
0.71545136
0.71493053
0.7079861
0.7057292
0.70538193
0.6965278
0.6958333
0.6958333
0.68645835
0.6862847
0.6857639
0.67552084
0.675
0.6744792
0.67430556
0.6644097
0.6626736
0.6550347
0.65399307
0.6536458
0.653125
0.64444447
0.64427084
0.6440972
0.64392364
0.6435764
0.6345486
0.6328125
0.6326389
0.6236111
0.62309027
0.62309027
0.6220486
0.61302084
0.6128472
0.6105903
0.60364586
0.6029514
0.6027778
0.60225695
0.6017361
0.58142364
0.5732639
0.57135415
0.5609375
0.56041664
0.5402778
0.5402778
0.5399306
0.52899307
0.52100694
0.51006943
0.50989586
0.49861112
0.49722221
0.49027777
0.43611112
0.36510417
0.34461805
G7
0.9244792
0.9227431
0.9032986
0.89270836
0.8923611
0.8822917
0.8611111
0.84149307
0.84045136
0.83125
0.8204861
0.81927085
0.81059027
0.8095486
0.80017364
0.79895836
0.7795139
0.778125
0.77725697
0.7685764
0.7673611
0.7595486
0.75850695
0.7579861
0.7578125
0.7578125
0.7578125
0.7569444
0.7564236
0.7491319
0.74756944
0.73836803
0.73819447
0.7375
0.72760415
0.72725695
0.7267361
0.7260417
0.71545136
0.71510416
0.70642364
0.7060764
0.70520836
0.70520836
0.70503473
0.7048611
0.7046875
0.69600695
0.69600695
0.69600695
0.6958333
0.6951389
0.6866319
0.68559027
0.68541664
0.68472224
0.68472224
0.68350697
0.67569447
0.67517364
0.67517364
0.6744792
0.6744792
0.67378473
0.66805553
0.66631943
0.66597223
0.66597223
0.66510415
0.66475695
0.6635417
0.6546875
0.65399307
0.6536458
0.64427084
0.64427084
0.64375
0.6333333
0.6322917
0.625
0.62395835
0.6232639
0.62256944
0.6140625
0.61354166
0.6125
0.60434026
0.6029514
0.6027778
0.5935764
0.57309026
0.56145835
0.5611111
0.55277777
0.53020835
0.52135414
0.5190972
0.5090278
0.46979168
0.45677084
G8
0.9331597
0.9244792
0.9227431
0.9128472
0.9123264
0.86215276
0.8515625
0.8512153
0.8407986
0.84045136
0.83142364
0.83020836
0.8206597
0.8199653
0.81024307
0.8081597
0.8003472
0.79930556
0.7984375
0.7894097
0.78836805
0.76944447
0.76875
0.76875
0.7685764
0.7682292
0.7682292
0.76805556
0.76753473
0.7671875
0.76631945
0.75972223
0.7583333
0.74756944
0.74756944
0.74722224
0.7378472
0.73767364
0.73767364
0.7375
0.7369792
0.73680556
0.7295139
0.7270833
0.7263889
0.7262153
0.71649307
0.71649307
0.71545136
0.70590276
0.70590276
0.7057292
0.6982639
0.6958333
0.6958333
0.6949653
0.6862847
0.68559027
0.68541664
0.6848958
0.68472224
0.68420136
0.6765625
0.67604166
0.67517364
0.6748264
0.6657986
0.66510415
0.6545139
0.6532986
0.6440972
0.6345486
0.634375
0.6340278
0.6340278
0.6329861
0.6241319
0.621875
0.6125
0.603125
0.6027778
0.6012153
0.59305555
0.59149307
0.5833333
0.58194447
0.58194447
0.5717014
0.5711806
0.5612847
0.55277777
0.55017364
0.54930556
0.5296875
0.52899307
0.5182292
0.49930555
0.4767361
0.46996528
0.459375
G9
0.9331597
0.9244792
0.89340276
0.89253473
0.8831597
0.8831597
0.8826389
0.8824653
0.87222224
0.8720486
0.871875
0.8619792
0.8512153
0.8510417
0.85086805
0.85086805
0.85052085
0.85052085
0.8411458
0.83055556
0.8295139
0.81006944
0.80017364
0.8
0.79930556
0.7984375
0.7902778
0.7894097
0.7892361
0.7878472
0.7838542
0.77916664
0.7786458
0.77795136
0.76892364
0.76875
0.76770836
0.76770836
0.7664931
0.7586806
0.7581597
0.7581597
0.7581597
0.7579861
0.7576389
0.7572917
0.7569444
0.7494792
0.7484375
0.74791664
0.74756944
0.74756944
0.7465278
0.73819447
0.7375
0.7375
0.73680556
0.7347222
0.71944445
0.71666664
0.71649307
0.7161458
0.71493053
0.70729166
0.7065972
0.70555556
0.70520836
0.69722223
0.696875
0.6956597
0.6859375
0.6857639
0.6848958
0.68472224
0.6748264
0.67430556
0.6654514
0.6649306
0.66475695
0.6644097
0.6642361
0.65555555
0.6536458
0.6532986
0.64340276
0.6340278
0.6328125
0.6236111
0.62291664
0.6185764
0.61440974
0.61388886
0.6032986
0.6024306
0.6013889
0.4982639
0.4671875
0.4373264
0.39461806
0.28246528
G10
0.9435764
0.9331597
0.9244792
0.9140625
0.90243053
0.8831597
0.8831597
0.8831597
0.8831597
0.8824653
0.88211805
0.88177085
0.88177085
0.8810764
0.87135416
0.86180556
0.85260415
0.8517361
0.8515625
0.8513889
0.85086805
0.85052085
0.85052085
0.84947914
0.84097224
0.83090276
0.83090276
0.8298611
0.8211806
0.8206597
0.8204861
0.81024307
0.81006944
0.80920136
0.80920136
0.80069447
0.79965276
0.79930556
0.79913193
0.7982639
0.7904514
0.7902778
0.7894097
0.7888889
0.7885417
0.7885417
0.7875
0.77881944
0.77847224
0.77847224
0.76979166
0.76892364
0.76875
0.76805556
0.7673611
0.75850695
0.75850695
0.7583333
0.7578125
0.7569444
0.7494792
0.7484375
0.7484375
0.74774307
0.7473958
0.7470486
0.73888886
0.73802084
0.73767364
0.73715276
0.73663193
0.7265625
0.7263889
0.7175347
0.71666664
0.7065972
0.70642364
0.7060764
0.7057292
0.6859375
0.6857639
0.68524307
0.67690974
0.67604166
0.66510415
0.66510415
0.6645833
0.66215277
0.6545139
0.64479166
0.6421875
0.63350695
0.6328125
0.62274307
0.6032986
0.6020833
0.58368057
0.58038193
0.57135415
0.5612847
G11
0.9545139
0.9435764
0.9331597
0.9128472
0.9036458
0.9027778
0.9027778
0.90208334
0.90208334
0.8932292
0.8814236
0.87222224
0.8720486
0.871875
0.87100697
0.8625
0.86145836
0.8607639
0.85260415
0.8517361
0.8510417
0.85086805
0.8506944
0.8506944
0.85052085
0.8421875
0.8407986
0.8402778
0.83993053
0.8394097
0.83211803
0.83177084
0.8307292
0.83055556
0.8295139
0.82135415
0.8190972
0.81840277
0.81041664
0.809375
0.809375
0.809375
0.809375
0.80920136
0.80868053
0.8
0.8
0.7994792
0.79930556
0.79895836
0.7904514
0.7894097
0.7878472
0.7878472
0.7807292
0.77899307
0.77899307
0.7786458
0.76892364
0.76805556
0.76770836
0.7586806
0.75850695
0.7583333
0.7579861
0.74791664
0.74756944
0.7473958
0.746875
0.746875
0.7465278
0.73802084
0.73767364
0.73628473
0.73541665
0.72760415
0.7263889
0.7192708
0.7178819
0.71649307
0.70625
0.70538193
0.7045139
0.6967014
0.6958333
0.6954861
0.6779514
0.6765625
0.6765625
0.6753472
0.675
0.6744792
0.6652778
0.6550347
0.65399307
0.65399307
0.62690973
0.6128472
0.6019097
0.5607639
G12
0.9545139
0.9435764
0.94305557
0.92395836
0.9232639
0.9230903
0.9131944
0.89340276
0.89270836
0.8923611
0.8822917
0.8819444
0.87256944
0.8720486
0.87170136
0.8623264
0.8619792
0.86180556
0.8611111
0.8611111
0.8609375
0.85225695
0.8512153
0.8506944
0.85052085
0.85052085
0.8503472
0.8501736
0.84930557
0.84149307
0.840625
0.8402778
0.83958334
0.8359375
0.83055556
0.8298611
0.8295139
0.8295139
0.82100695
0.8199653
0.8197917
0.81927085
0.81927085
0.8111111
0.81006944
0.80972224
0.8095486
0.80190974
0.79965276
0.7895833
0.7892361
0.7890625
0.7873264
0.7796875
0.77934027
0.77881944
0.77881944
0.77795136
0.7777778
0.7769097
0.76927084
0.76892364
0.76892364
0.76840276
0.76840276
0.76840276
0.76805556
0.7671875
0.7579861
0.75
0.7487847
0.7482639
0.74756944
0.74722224
0.74670136
0.73836803
0.7378472
0.7373264
0.73680556
0.7282986
0.72760415
0.7260417
0.7060764
0.7060764
0.6982639
0.696875
0.696875
0.6961806
0.6951389
0.69461805
0.68680555
0.6857639
0.6857639
0.67690974
0.67586803
0.6753472
0.6532986
0.63524306
0.6331597
0.45954862
G13
0.9545139
0.9534722
0.9435764
0.93472224
0.9345486
0.93385416
0.93385416
0.92378473
0.9236111
0.9131944
0.90243053
0.8920139
0.8824653
0.8819444
0.88177085
0.88177085
0.8720486
0.8720486
0.86163193
0.86163193
0.8607639
0.85225695
0.8517361
0.8513889
0.8503472
0.8421875
0.84149307
0.84131944
0.8411458
0.84045136
0.8402778
0.83993053
0.83958334
0.83090276
0.83055556
0.83038193
0.83020836
0.83003473
0.83003473
0.8298611
0.8296875
0.82100695
0.8199653
0.81961805
0.81961805
0.8190972
0.8109375
0.81041664
0.81006944
0.81006944
0.809375
0.80920136
0.80885416
0.80885416
0.80850697
0.80069447
0.8003472
0.8
0.7998264
0.79930556
0.7982639
0.7902778
0.7888889
0.7887153
0.7885417
0.7782986
0.77795136
0.7682292
0.7682292
0.7590278
0.75885415
0.7583333
0.7581597
0.7569444
0.7484375
0.7482639
0.74791664
0.74756944
0.7473958
0.74670136
0.7465278
0.7375
0.7361111
0.71875
0.69739586
0.6970486
0.6967014
0.69600695
0.6869792
0.6848958
0.6744792
0.6649306
0.6560764
0.6548611
0.6548611
0.6357639
0.63385415
0.603125
0.55972224
0.55069447
G14
0.97552085
0.93541664
0.93472224
0.93472224
0.93368053
0.92291665
0.90208334
0.8932292
0.89305556
0.89288193
0.89288193
0.89270836
0.8921875
0.8822917
0.8822917
0.8819444
0.8819444
0.88090277
0.87135416
0.87118053
0.86215276
0.86180556
0.86145836
0.8609375
0.86041665
0.86041665
0.8515625
0.8513889
0.8510417
0.85086805
0.8506944
0.8411458
0.8411458
0.84097224
0.84097224
0.840625
0.84045136
0.84045136
0.8402778
0.83090276
0.83038193
0.83003473
0.83003473
0.82916665
0.8208333
0.8206597
0.8199653
0.8197917
0.81961805
0.81927085
0.8111111
0.8107639
0.81059027
0.81041664
0.80972224
0.809375
0.809375
0.80920136
0.80885416
0.80868053
0.8081597
0.8
0.7998264
0.7998264
0.7998264
0.79913193
0.7986111
0.7980903
0.7892361
0.7885417
0.7796875
0.778125
0.76944447
0.76927084
0.76892364
0.76892364
0.7682292
0.76788193
0.76770836
0.75850695
0.7574653
0.75
0.75
0.7484375
0.7484375
0.73888886
0.7189236
0.7184028
0.71770835
0.7060764
0.6967014
0.69635415
0.6861111
0.68472224
0.6770833
0.67638886
0.66597223
0.6654514
0.6553819
0.6342014
G15
0.97552085
0.9607639
0.9548611
0.9449653
0.94427085
0.93541664
0.93385416
0.93298614
0.92291665
0.92256945
0.91302085
0.91302085
0.9125
0.9032986
0.89253473
0.8920139
0.8824653
0.8824653
0.8824653
0.8822917
0.88003474
0.8723958
0.8720486
0.8720486
0.871875
0.871875
0.87170136
0.87118053
0.86180556
0.86128473
0.8611111
0.8609375
0.8515625
0.8515625
0.8512153
0.8498264
0.8407986
0.8402778
0.8307292
0.8307292
0.83055556
0.83038193
0.83038193
0.83038193
0.83003473
0.8208333
0.8206597
0.81961805
0.81145835
0.8111111
0.8107639
0.81059027
0.81024307
0.80972224
0.8090278
0.80885416
0.80868053
0.7998264
0.79878473
0.7902778
0.7892361
0.7890625
0.7795139
0.7795139
0.77899307
0.77899307
0.77795136
0.76927084
0.76875
0.76875
0.76805556
0.76770836
0.7664931
0.75885415
0.7574653
0.75711805
0.7491319
0.74756944
0.7473958
0.7470486
0.73836803
0.7378472
0.73680556
0.73663193
0.72864586
0.72725695
0.7171875
0.7152778
0.6862847
0.6857639
0.68559027
0.6767361
0.66614586
0.665625
0.646875
0.6453125
0.64427084
0.6342014
0.6140625
0.61354166
G16
0.99670136
0.97552085
0.9607639
0.9340278
0.9331597
0.9227431
0.92256945
0.91336805
0.91336805
0.9032986
0.903125
0.90260416
0.8940972
0.8932292
0.89270836
0.8824653
0.88211805
0.8819444
0.8815972
0.8810764
0.87222224
0.8720486
0.8720486
0.871875
0.87170136
0.8715278
0.87135416
0.87100697
0.86996526
0.86180556
0.8611111
0.8611111
0.8602431
0.8513889
0.8506944
0.8498264
0.8498264
0.8411458
0.84097224
0.84097224
0.84097224
0.84045136
0.84045136
0.8402778
0.83923614
0.83177084
0.8315972
0.8315972
0.83142364
0.8307292
0.83003473
0.8295139
0.8293403
0.8211806
0.8208333
0.8206597
0.8201389
0.8199653
0.8098958
0.8098958
0.8098958
0.8095486
0.8095486
0.809375
0.80017364
0.79965276
0.79930556
0.79913193
0.79895836
0.7977431
0.78975695
0.7894097
0.7887153
0.7885417
0.77916664
0.76979166
0.76961803
0.76875
0.76788193
0.76770836
0.7595486
0.7592014
0.7494792
0.7482639
0.74756944
0.73819447
0.73819447
0.7295139
0.7277778
0.72760415
0.7274306
0.7265625
0.71770835
0.7078125
0.70729166
0.7065972
0.68645835
0.67586803
0.66597223
0.65520835
G17
0.99670136
0.97552085
0.95503473
0.9545139
0.94461805
0.9439236
0.9227431
0.9227431
0.91336805
0.91197914
0.903125
0.90295136
0.90260416
0.90260416
0.90260416
0.89253473
0.8923611
0.8923611
0.8897569
0.88819444
0.8831597
0.8828125
0.8826389
0.8824653
0.8824653
0.8822917
0.8822917
0.88211805
0.88211805
0.88177085
0.87256944
0.87222224
0.8720486
0.8715278
0.87135416
0.87135416
0.87118053
0.8625
0.8619792
0.86163193
0.86163193
0.8607639
0.85607636
0.8517361
0.8506944
0.84184027
0.84131944
0.84131944
0.8407986
0.83055556
0.83038193
0.83003473
0.8298611
0.8293403
0.8289931
0.8203125
0.8201389
0.8199653
0.8199653
0.8197917
0.8107639
0.8107639
0.81041664
0.8090278
0.80868053
0.80243057
0.8012153
0.80017364
0.79965276
0.7994792
0.7994792
0.79913193
0.7984375
0.790625
0.7899306
0.78975695
0.7895833
0.7892361
0.7888889
0.7875
0.78055555
0.7796875
0.7795139
0.7782986
0.7782986
0.7782986
0.76961803
0.7682292
0.76788193
0.7595486
0.7579861
0.74670136
0.7378472
0.7277778
0.71475697
0.7079861
0.7074653
0.70711803
0.6862847
0.665625
G18
0.99670136
0.97552085
0.96493053
0.95503473
0.9539931
0.94461805
0.93472224
0.93420136
0.93350697
0.9236111
0.9234375
0.9232639
0.92291665
0.9137153
0.9036458
0.903125
0.903125
0.903125
0.90295136
0.9027778
0.8935764
0.89305556
0.89270836
0.89270836
0.8923611
0.8921875
0.88211805
0.88211805
0.88211805
0.88211805
0.8814236
0.87274307
0.8723958
0.87135416
0.86302084
0.8619792
0.86128473
0.8605903
0.8515625
0.8513889
0.8513889
0.8512153
0.85086805
0.8506944
0.8506944
0.8506944
0.84131944
0.84131944
0.84131944
0.8411458
0.8407986
0.840625
0.84010416
0.84010416
0.83663195
0.8310764
0.83055556
0.83038193
0.8296875
0.8296875
0.8296875
0.82916665
0.8289931
0.8206597
0.8190972
0.8109375
0.81059027
0.81059027
0.8090278
0.80868053
0.80868053
0.80017364
0.80017364
0.8
0.7984375
0.7980903
0.7895833
0.7890625
0.7881944
0.7786458
0.77795136
0.7777778
0.76979166
0.76840276
0.7671875
0.76024306
0.75885415
0.7581597
0.7496528
0.7473958
0.746875
0.746875
0.7373264
0.7269097
0.7170139
0.7048611
0.6961806
0.67690974
0.67552084
0.57135415
G19
0.99670136
0.98680556
0.97552085
0.96475697
0.9595486
0.94895834
0.94322914
0.93506944
0.9348958
0.93350697
0.93333334
0.92430556
0.92413193
0.92413193
0.9232639
0.92291665
0.9227431
0.9135417
0.9128472
0.9126736
0.91215277
0.90347224
0.9032986
0.903125
0.9027778
0.90260416
0.8935764
0.8932292
0.8932292
0.89270836
0.8923611
0.8923611
0.8923611
0.8918403
0.8826389
0.8824653
0.8810764
0.8720486
0.871875
0.8715278
0.87135416
0.86267364
0.8623264
0.86145836
0.86041665
0.8598958
0.8517361
0.8512153
0.8510417
0.8510417
0.8498264
0.8489583
0.8421875
0.8411458
0.83993053
0.83975697
0.8347222
0.83125
0.8310764
0.83090276
0.8307292
0.83020836
0.8296875
0.8204861
0.8203125
0.8201389
0.81961805
0.81961805
0.8194444
0.8109375
0.81024307
0.8098958
0.809375
0.80017364
0.7998264
0.78836805
0.7842014
0.7795139
0.76927084
0.76788193
0.7595486
0.7586806
0.7560764
0.73836803
0.73038197
0.728125
0.7279514
0.7274306
0.72725695
0.7270833
0.7265625
0.7260417
0.71666664
0.70625
0.6869792
0.6848958
0.6762153
0.6744792
0.665625
0.63506943
G20
0.99670136
0.99670136
0.98680556
0.98680556
0.97552085
0.9692708
0.96475697
0.9449653
0.94427085
0.94427085
0.9380208
0.9348958
0.93472224
0.93420136
0.9340278
0.93385416
0.93368053
0.93350697
0.9326389
0.928125
0.9236111
0.9232639
0.9232639
0.9175347
0.9137153
0.9135417
0.9131944
0.91302085
0.9128472
0.9128472
0.9128472
0.9126736
0.9125
0.9074653
0.9071181
0.9032986
0.90295136
0.90295136
0.9027778
0.90260416
0.90243053
0.90225697
0.90225697
0.9015625
0.89270836
0.8831597
0.8828125
0.8824653
0.8822917
0.8822917
0.8819444
0.871875
0.87083334
0.86319447
0.8625
0.86215276
0.8611111
0.8611111
0.8611111
0.8611111
0.8611111
0.8611111
0.8611111
0.8611111
0.86041665
0.85086805
0.8501736
0.84166664
0.84166664
0.84097224
0.8402778
0.83142364
0.83125
0.83003473
0.8298611
0.8215278
0.8204861
0.8201389
0.81927085
0.8109375
0.81024307
0.8095486
0.80086803
0.8003472
0.79965276
0.7984375
0.79791665
0.7904514
0.7895833
0.7885417
0.76927084
0.7690972
0.76892364
0.76805556
0.76770836
0.7282986
0.7277778
0.70520836
0.69600695
0.6642361
