G0
0.78975695 0.5352837
0.8111111 0.499506
0.72899306 0.58158076
0.67517364 0.6347481
0.7904514 0.5020768
0.6236111 0.6629724
0.6236111 0.65243757
0.67725694 0.59110785
0.70902777 0.55752
0.52239585 0.73331594
0.6362847 0.61027443
0.70642364 0.53706986
0.75850695 0.47786975
0.8625 0.36962312
0.5729167 0.6581976
0.7057292 0.5105404
0.63524306 0.577052
0.7685764 0.4353438
0.7282986 0.47401345
0.8003472 0.39831835
0.71770835 0.47588432
0.75885415 0.42994916
0.7486111 0.4391386
0.7065972 0.46862435
0.603125 0.5577141
0.8420139 0.30670398
0.5498264 0.5914165
0.6345486 0.49599934
0.7487847 0.37883568
0.56180555 0.56329924
0.6550347 0.46733093
0.70677084 0.4127862
0.6560764 0.45950407
0.6020833 0.511925
0.64461803 0.46910793
0.6748264 0.43568575
0.5729167 0.53706765
0.603125 0.50618553
0.6342014 0.47213882
0.6340278 0.47117388
0.68541664 0.4136272
0.8003472 0.2969792
0.75885415 0.33825165
0.66475695 0.42890227
0.70555556 0.3831132
0.77899307 0.3095966
0.80069447 0.27680612
0.55364585 0.5206621
0.70677084 0.3649391
0.7586806 0.3061571
0.70694447 0.35438555
0.7902778 0.27036512
0.6027778 0.4501589
0.6657986 0.3837012
0.6961806 0.34437788
0.76961803 0.26957
0.8315972 0.20637488
0.62291664 0.4142955
0.70104164 0.33566147
0.67743057 0.35764676
0.6342014 0.37454617
0.7473958 0.26083308
0.71770835 0.28791714
0.6454861 0.3553996
0.63472223 0.35968274
0.6553819 0.3264637
0.6236111 0.35750788
0.70711803 0.2694924
0.5298611 0.44607085
0.7282986 0.24531263
0.7170139 0.2507103
0.728125 0.23758578
0.6041667 0.3548723
0.6241319 0.332106
0.81041664 0.14009386
0.44600695 0.49760306
0.6232639 0.3167463
0.48958334 0.44018424
0.47743055 0.44828826
0.62430555 0.2986213
0.7798611 0.14263707
0.7074653 0.20733166
0.6548611 0.2537977
0.5715278 0.32386017
0.44913194 0.44546115
0.6342014 0.25825143
0.6762153 0.18712693
0.67760414 0.18195146
0.7378472 0.11827105
0.55052084 0.29540843
0.54930556 0.28291523
0.6342014 0.1898126
0.6873264 0.12889242
0.46875 0.32418382
0.49791667 0.26955718
0.34375 0.42242712
0.521875 0.23239648
0.6029514 0.14264297
0.6545139 0.08757788
0.5026042 0.123590946
G1
0.91684026 0.450109
0.87309027 0.4773885
0.7590278 0.57399094
0.78975695 0.5352837
0.8003472 0.5141263
0.8111111 0.499506
0.7586806 0.5321183
0.76892364 0.49475098
0.84131944 0.4169169
0.57222223 0.68450576
0.84184027 0.4094258
0.67638886 0.5604286
0.7182292 0.5098901
0.5402778 0.6817949
0.70590276 0.51087844
0.7586806 0.45647526
0.7798611 0.43527955
0.78975695 0.42160636
0.8845486 0.32328987
0.68524307 0.521411
0.70625 0.47793043
0.93524307 0.2336849
0.68541664 0.48184705
0.8116319 0.35327226
0.66614586 0.4985394
0.65520835 0.50701594
0.70763886 0.45392966
0.84149307 0.31986183
0.7590278 0.39909708
0.70711803 0.44787294
0.6232639 0.5288799
0.6236111 0.5228943
0.79965276 0.34205055
0.62569445 0.5095761
0.6336806 0.49401897
0.7269097 0.3999647
0.70590276 0.42093563
0.7274306 0.39486468
0.6553819 0.4665296
0.68645835 0.42799526
0.6232639 0.49043262
0.6237847 0.48797578
0.7739583 0.33753866
0.7395833 0.3681031
0.49079862 0.60947037
0.7074653 0.38662624
0.60399306 0.48137015
0.7274306 0.34714156
0.61388886 0.45951915
0.6331597 0.44003415
0.62274307 0.4442125
0.5515625 0.5135497
0.72760415 0.32693905
0.86319447 0.18952775
0.77916664 0.2704245
0.5199653 0.5261737
0.6958333 0.34270942
0.7277778 0.30535036
0.68645835 0.34576958
0.65416664 0.3763246
0.6862847 0.34412342
0.75850695 0.2651139
0.8003472 0.22267663
0.5005208 0.51402414
0.67569447 0.33720416
0.53194445 0.477444
0.68680555 0.31402755
0.6027778 0.39331126
0.6340278 0.36020398
0.75989586 0.22009313
0.75885415 0.2204194
0.4486111 0.5249618
0.52916664 0.4299236
0.6871528 0.2662359
0.5928819 0.3536842
0.7074653 0.23763406
0.6565972 0.28363222
0.6024306 0.33690494
0.5303819 0.405388
0.58402777 0.34834266
0.69756943 0.23115659
0.51979166 0.40708816
0.571875 0.35322917
0.76805556 0.15534341
0.46840277 0.45275408
0.728125 0.17643332
0.61388886 0.27365386
0.6241319 0.24496388
0.4486111 0.41315585
0.68645835 0.16681594
0.38506943 0.46042883
0.634375 0.20668656
0.65520835 0.18284142
0.60434026 0.2265966
0.62395835 0.20452327
0.41701388 0.40538287
0.65399307 0.15613323
0.57413197 0.21572345
0.6340278 0.1389072
0.5310764 0.23410869
G2
0.8623264 0.5158409
0.91684026 0.450109
0.70694447 0.652391
0.8211806 0.5304699
0.87309027 0.4773885
0.8269097 0.49728817
0.7277778 0.58437145
0.70868057 0.5944719
0.6861111 0.61171323
0.78975695 0.49852812
0.73645836 0.54939777
0.6232639 0.629593
0.8206597 0.43163216
0.72760415 0.52220106
0.69635415 0.5434613
0.66649306 0.5689262
0.7491319 0.4857747
0.7671875 0.46331608
0.77934027 0.4511568
0.7586806 0.46449
0.71631944 0.5061437
0.75850695 0.46259487
0.67604166 0.53408825
0.6029514 0.59974045
0.81024307 0.38930583
0.6762153 0.5191204
0.67760414 0.51695406
0.78975695 0.39849907
0.61354166 0.56587523
0.6340278 0.54352677
0.6032986 0.559242
0.69600695 0.4646924
0.6546875 0.50228447
0.759375 0.39065683
0.71770835 0.43123567
0.665625 0.48035532
0.8203125 0.31955773
0.7378472 0.40029985
0.73819447 0.39950323
0.7173611 0.41510093
0.7581597 0.37354684
0.7083333 0.42009217
0.67569447 0.4521817
0.5420139 0.5826994
0.47899306 0.64360905
0.7373264 0.38520324
0.8017361 0.31717438
0.63472223 0.46877307
0.49965277 0.6001827
0.65520835 0.44349867
0.7576389 0.3385356
0.78020835 0.31006134
0.7798611 0.30891407
0.74774307 0.33519262
0.78975695 0.29094023
0.67604166 0.40411478
0.6248264 0.45497084
0.7496528 0.32875675
0.58194447 0.49366534
0.6045139 0.47070557
0.6953125 0.3760243
0.6336806 0.43542898
0.6861111 0.3808328
0.6032986 0.46269238
0.56145835 0.5022919
0.5711806 0.49250984
0.55017364 0.50819486
0.6862847 0.37177718
0.67517364 0.3820387
0.6869792 0.36868984
0.6241319 0.42211866
0.70694447 0.3370375
0.5607639 0.48285842
0.82100695 0.221686
0.6557292 0.3846023
0.7590278 0.2803527
0.7378472 0.30011457
0.5512153 0.4758231
0.3949653 0.6264528
0.634375 0.38681638
0.64392364 0.37278283
0.6027778 0.4004498
0.80086803 0.19728339
0.76961803 0.20907956
0.8420139 0.13238072
0.7074653 0.2605155
0.696875 0.26317805
0.6548611 0.28438544
0.63385415 0.291825
0.6340278 0.2866795
0.79010415 0.12949055
0.6027778 0.3163705
0.81180555 0.099182904
0.7390625 0.16372317
0.66597223 0.19856405
0.49861112 0.35140365
0.5404514 0.29408312
0.60572916 0.18899131
0.63524306 0.1279273
0.41493055 0.16577774
G3
0.8623264 0.5158409
0.68680555 0.68381965
0.91684026 0.450109
0.91684026 0.450109
0.91684026 0.450109
0.57309026 0.79330766
0.7899306 0.5581558
0.7899306 0.5443453
0.7782986 0.55082655
0.6548611 0.6579416
0.746875 0.5634543
0.76024306 0.5359731
0.77934027 0.5088901
0.7786458 0.49798393
0.7892361 0.47485572
0.89392364 0.36844766
0.67569447 0.58611524
0.7595486 0.50155175
0.7060764 0.55301523
0.7798611 0.47221214
0.67604166 0.5704969
0.62274307 0.61957294
0.7496528 0.49195266
0.7487847 0.49201536
0.8107639 0.42839086
0.6559028 0.575094
0.77899307 0.44102198
0.571875 0.6477208
0.57256943 0.64144886
0.875 0.33761573
0.7907986 0.4175092
0.72760415 0.4764384
0.6965278 0.5042691
0.60347223 0.5884729
0.67552084 0.514505
0.76927084 0.4203773
0.6046875 0.5838497
0.68680555 0.49866492
0.6965278 0.48294878
0.7796875 0.39711583
0.6645833 0.5028453
0.63350695 0.53189504
0.665625 0.49840826
0.67586803 0.48519397
0.8111111 0.3493802
0.6258681 0.5328584
0.5003472 0.65424275
0.65694445 0.4961174
0.67517364 0.47574377
0.8112847 0.3360514
0.8107639 0.33168
0.6019097 0.5309497
0.6234375 0.5067873
0.6560764 0.4718244
0.7800347 0.3476808
0.46822917 0.65341926
0.72899306 0.39246535
0.6557292 0.46571904
0.6545139 0.46350121
0.634375 0.4830377
0.53055555 0.5824634
0.7586806 0.34868783
0.73767364 0.36381197
0.71805555 0.37803525
0.5824653 0.5091959
0.6762153 0.41401398
0.7486111 0.33674145
0.70815974 0.3746909
0.7486111 0.33007926
0.5706597 0.5055522
0.49913195 0.5748675
0.62395835 0.44191682
0.5717014 0.48996753
0.73854166 0.3150112
0.7171875 0.32540572
0.62309027 0.41475862
0.6871528 0.3503123
0.7786458 0.25858158
0.6649306 0.37043363
0.5711806 0.46353024
0.7279514 0.290062
0.6649306 0.3451296
0.60381943 0.40383172
0.7175347 0.28805947
0.7592014 0.23354524
0.6246528 0.3674181
0.6753472 0.30692273
0.8107639 0.15769088
0.66631943 0.2717355
0.7078125 0.22514808
0.70729166 0.21717411
0.70694447 0.21502948
0.55069447 0.36961406
0.46875 0.44742966
0.6357639 0.26241636
0.69756943 0.19337922
0.4982639 0.38321054
0.60260415 0.25250202
0.5928819 0.24856621
0.66597223 0.12072986
G4
0.8623264 0.54462826
0.8623264 0.5158409
0.68680555 0.68381965
0.8201389 0.54448855
0.7487847 0.5944038
0.93524307 0.401106
0.68506944 0.65068257
0.7586806 0.54542583
0.58402777 0.7113894
0.83125 0.44823605
0.6232639 0.6461034
0.7060764 0.55301523
0.7060764 0.55301523
0.66631943 0.59092677
0.8107639 0.44409698
0.6770833 0.5732889
0.70711803 0.541995
0.73715276 0.5046756
0.94635415 0.29391724
0.75850695 0.47708797
0.8217014 0.41325217
0.71805555 0.51174265
0.73854166 0.4876991
0.77065974 0.4473601
0.65434027 0.5430535
0.7407986 0.4520188
0.60260415 0.5851133
0.8295139 0.35779464
0.65399307 0.53026736
0.72760415 0.4516577
0.7604167 0.41439205
0.81059027 0.36101162
0.7486111 0.42151052
0.72760415 0.44209808
0.7565972 0.41157907
0.67552084 0.48789132
0.7578125 0.40528327
0.67569447 0.48435885
0.6041667 0.5523146
0.7274306 0.42670465
0.68645835 0.46682292
0.7175347 0.43254912
0.8206597 0.3281861
0.6970486 0.4514159
0.7899306 0.35354227
0.57100695 0.57242405
0.8324653 0.30733514
0.6873264 0.44174737
0.66475695 0.46357906
0.7065972 0.42105234
0.4470486 0.68007076
0.65434027 0.46125895
0.7895833 0.32294685
0.73767364 0.36461943
0.6232639 0.4788468
0.67604166 0.42515832
0.5925347 0.50262505
0.77916664 0.31130165
0.6246528 0.45527524
0.72864586 0.3495276
0.6024306 0.47226286
0.55190974 0.51498324
0.6987847 0.3617096
0.7796875 0.28056353
0.69635415 0.35804045
0.73854166 0.31161606
0.634375 0.40926206
0.675 0.36784858
0.7274306 0.31420553
0.5310764 0.509477
0.86319447 0.17728895
0.6753472 0.36230993
0.49861112 0.5353918
0.6232639 0.40981352
0.54010415 0.48660958
0.6961806 0.32576072
0.79010415 0.23166877
0.58489585 0.41198397
0.7800347 0.21656936
0.571875 0.42400783
0.63472223 0.3581254
0.6565972 0.33368838
0.66475695 0.29749644
0.6128472 0.34828705
0.7269097 0.2326091
0.3951389 0.56150305
0.67638886 0.27769482
0.4998264 0.4494292
0.58125 0.33768386
0.6359375 0.264055
0.50069445 0.39853132
0.7074653 0.18826628
0.6657986 0.22238529
0.76927084 0.11837089
0.58211803 0.30074823
0.72899306 0.14883709
0.68645835 0.19048345
0.7083333 0.14058787
0.36475694 0.4597513
0.47881943 0.22153687
G5
0.9144097 0.6004152
0.8623264 0.54462826
0.7590278 0.62914133
0.8623264 0.5158409
0.80677086 0.54664
0.790625 0.5609026
0.55190974 0.78696674
0.80052084 0.5335477
0.86302084 0.4672315
0.8527778 0.4622147
0.8628472 0.44583106
0.70815974 0.5763659
0.81041664 0.4704821
0.81024307 0.46769798
0.6859375 0.57705355
0.7373264 0.5211713
0.634375 0.6240746
0.759375 0.49426872
0.6027778 0.64837956
0.8197917 0.42969888
0.69913197 0.54859734
0.7104167 0.5371361
0.65625 0.5910412
0.675 0.56511533
0.72864586 0.50869954
0.82135415 0.414299
0.6333333 0.5993356
0.6029514 0.627814
0.6857639 0.5340777
0.7065972 0.51176715
0.7800347 0.43270743
0.60486114 0.6078781
0.57309026 0.6389756
0.83194447 0.3773191
0.8215278 0.38517332
0.5498264 0.65300417
0.6970486 0.50453955
0.5295139 0.67179155
0.79149306 0.40968603
0.70729166 0.48945677
0.72899306 0.4652366
0.63524306 0.5560539
0.8098958 0.3755117
0.6545139 0.5267787
0.69722223 0.47455615
0.93472224 0.23522627
0.75972223 0.38987643
0.60260415 0.5449524
0.77881944 0.3649562
0.67604166 0.46725965
0.67760414 0.4636984
0.7592014 0.38004416
0.57274306 0.5575606
0.79895836 0.33057052
0.7798611 0.3446054
0.74791664 0.37592864
0.728125 0.3874529
0.49809027 0.6109346
0.7269097 0.38154793
0.6234375 0.48299843
0.7189236 0.38666958
0.7279514 0.37715012
0.7899306 0.31209904
0.584375 0.50148845
0.69600695 0.3882025
0.71666664 0.3666947
0.48975694 0.5926577
0.59184027 0.48834348
0.7079861 0.37168413
0.65520835 0.42314857
0.49895832 0.5693349
0.6244792 0.42710006
0.58211803 0.46671522
0.7065972 0.3412128
0.58177084 0.4610929
0.55069447 0.490938
0.65416664 0.3832366
0.70729166 0.3200521
0.8211806 0.20272583
0.80052084 0.20626456
0.7998264 0.20565093
0.5715278 0.42022204
0.6550347 0.3330359
0.60260415 0.37952608
0.70208335 0.27797902
0.7796875 0.17500001
0.63385415 0.3117391
0.6336806 0.30106622
0.73888886 0.19302672
0.80069447 0.12018132
0.73836803 0.18147546
0.57256943 0.34155804
0.53020835 0.37494093
0.5298611 0.34992272
0.58263886 0.2960351
0.60260415 0.27322102
0.68645835 0.14042336
0.62430555 0.19470274
0.6765625 0.13148063
0.6765625 0.119328916
G6
0.92517364 0.68273276
0.84149307 0.68958175
0.9144097 0.6004152
0.83038193 0.60696673
0.67586803 0.7532218
0.84131944 0.55921197
0.81041664 0.5857576
0.69600695 0.6768372
0.77934027 0.58058506
0.8628472 0.49527282
0.82274306 0.51391315
0.67604166 0.6553719
0.93524307 0.38346672
0.7786458 0.53212327
0.8203125 0.48805338
0.8215278 0.48639607
0.72864586 0.5773819
0.6861111 0.61042356
0.67517364 0.6145425
0.5532986 0.73513377
0.8619792 0.42069256
0.7795139 0.49516958
0.8109375 0.46361852
0.6560764 0.6143208
0.83177084 0.43639612
0.75850695 0.5044349
0.70590276 0.5515132
0.69756943 0.5569196
0.75329864 0.49917728
0.8623264 0.38501763
0.55225694 0.6928967
0.8524306 0.39136624
0.80052084 0.44109493
0.8423611 0.39791697
0.64565974 0.5943316
0.7074653 0.52474236
0.77916664 0.4468426
0.6333333 0.5898013
0.5621528 0.65728456
0.7583333 0.4586286
0.6550347 0.56163436
0.7899306 0.42305624
0.6859375 0.5194772
0.759375 0.44028407
0.6546875 0.54388916
0.7482639 0.4483471
0.7279514 0.46830678
0.7369792 0.45689893
0.83211803 0.35965836
0.63524306 0.54586864
0.57361114 0.6029269
0.65399307 0.5175904
0.7798611 0.37046945
0.67604166 0.4697656
0.6548611 0.48390657
0.7581597 0.3795647
0.8098958 0.3244655
0.67604166 0.4472329
0.7171875 0.4034434
0.69600695 0.4233142
0.7269097 0.38154793
0.7269097 0.38154793
0.6359375 0.47175288
0.6041667 0.50104827
0.6866319 0.41168022
0.6965278 0.39059365
0.6984375 0.38406587
0.728125 0.3538751
0.6244792 0.44944495
0.7494792 0.31999236
0.80017364 0.26749712
0.6967014 0.3685649
0.47864583 0.57975256
0.65625 0.4019053
0.5829861 0.474087
0.625 0.43174362
0.5828125 0.46853012
0.36423612 0.6835731
0.61614585 0.42497534
0.5538194 0.47593755
0.6958333 0.32876188
0.7057292 0.31351042
0.83177084 0.18472838
0.76961803 0.24672222
0.70642364 0.3044474
0.65416664 0.3524819
0.6331597 0.37324506
0.5529514 0.44834983
0.4887153 0.5016713
0.6258681 0.36398846
0.7583333 0.22732145
0.61388886 0.3540511
0.44618055 0.5187762
0.55086803 0.40882897
0.6232639 0.32521218
0.73975694 0.20561618
0.71649307 0.2263006
0.6345486 0.27585208
0.6336806 0.2072851
0.58211803 0.10988033
G7
0.92517364 0.68273276
0.84149307 0.68958175
1.0394098 0.4691587
0.7795139 0.671843
0.6482639 0.78840756
0.8107639 0.6227155
0.81145835 0.617156
0.7800347 0.622967
0.7375 0.656265
0.59479165 0.7714093
0.81041664 0.55290854
0.83090276 0.5312177
0.67690974 0.68340284
0.77934027 0.58058506
0.77934027 0.58058506
0.8111111 0.5286494
0.6875 0.63811207
0.8109375 0.5062698
0.60711807 0.7069946
0.6654514 0.64551544
0.80677086 0.5038396
0.67638886 0.62934244
0.7578125 0.54474056
0.7269097 0.575353
0.8623264 0.43938452
0.8625 0.43860364
0.8833333 0.41749048
0.7269097 0.5559104
0.65520835 0.625264
0.7375 0.54285336
0.8003472 0.4775176
0.67517364 0.59202766
0.7800347 0.4858005
0.67569447 0.587508
0.70711803 0.5482041
0.5515625 0.6991879
0.7270833 0.5222819
0.6548611 0.5941817
0.70590276 0.54296553
0.67638886 0.569798
0.76111114 0.47780883
0.74756944 0.49112934
0.69635415 0.53717405
0.6965278 0.53608143
0.7487847 0.47411317
0.6961806 0.5253225
0.60260415 0.61474174
0.7795139 0.43749624
0.5512153 0.66523695
0.89392364 0.31984884
0.7796875 0.4311304
0.62395835 0.58571565
0.6857639 0.5228256
0.84184027 0.36593187
0.76111114 0.44418246
0.6234375 0.575171
0.6029514 0.58624196
0.6748264 0.51368904
0.7782986 0.40936655
0.60572916 0.58101094
0.73715276 0.4493819
0.7373264 0.44142997
0.6342014 0.5443592
0.70642364 0.45779628
0.6645833 0.49201202
0.6961806 0.45161802
0.78975695 0.34826273
0.6666667 0.47093236
0.7065972 0.430775
0.6748264 0.4566856
0.70642364 0.42276138
0.5310764 0.5869752
0.6645833 0.44892806
0.70642364 0.39622122
0.67517364 0.42626053
0.77899307 0.3212943
0.7060764 0.39154273
0.61319447 0.48331594
0.52152777 0.56738365
0.7373264 0.35031337
0.5503472 0.532202
0.7795139 0.30004126
0.67517364 0.3991915
0.7482639 0.31781197
0.77934027 0.27277958
0.52413195 0.5204872
0.7375 0.30703568
0.6564236 0.38682705
0.46840277 0.56483495
0.6770833 0.33957797
0.6019097 0.40001726
0.76840276 0.22942632
0.6951389 0.29787004
0.52118057 0.40636384
0.58194447 0.32779485
0.62743056 0.27422792
0.65555555 0.23115832
0.55104166 0.32556027
0.6866319 0.17430055
0.65520835 0.15020329
G8
0.92517364 0.68273276
0.84149307 0.68958175
0.7994792 0.63871884
0.8411458 0.59311116
0.81041664 0.6221731
0.9253472 0.49679393
0.7800347 0.622967
0.7800347 0.622967
0.7800347 0.6170119
0.8081597 0.5810997
0.85260415 0.526209
0.7277778 0.6503874
0.65555555 0.69861645
0.60486114 0.74219215
0.7795139 0.56749403
0.7795139 0.5663131
0.90416664 0.43786746
0.7373264 0.6024122
0.7795139 0.5524905
0.8111111 0.5205242
0.65520835 0.6681953
0.6961806 0.6203727
0.76875 0.5363326
0.75850695 0.545521
0.7282986 0.57440126
0.7578125 0.54474056
0.7578125 0.54474056
0.7899306 0.5080564
0.6236111 0.67180806
0.7369792 0.5572187
0.8003472 0.49127465
0.96684027 0.32048798
0.80017364 0.4835086
0.6564236 0.6246247
0.8315972 0.44675696
0.76927084 0.50866735
0.5829861 0.6940689
0.69635415 0.5772116
0.6041667 0.66672975
0.65555555 0.6145129
0.821875 0.4415877
0.80052084 0.46201736
0.68819445 0.56552625
0.7291667 0.52444935
0.6345486 0.61555445
0.7907986 0.45641446
0.65520835 0.5919243
0.7270833 0.518857
0.73802084 0.5046145
0.73819447 0.50428057
0.7473958 0.48706663
0.89392364 0.31984884
0.89392364 0.31984884
0.81059027 0.40247655
0.571875 0.63414073
0.5715278 0.6244514
0.65694445 0.5359591
0.7274306 0.4653182
0.7170139 0.46822476
0.7795139 0.40539032
0.7895833 0.38612556
0.6748264 0.49725705
0.71666664 0.44256115
0.52118057 0.6360704
0.4157986 0.7371012
0.70642364 0.44637465
0.61440974 0.5382724
0.76024306 0.38269764
0.6644097 0.47437334
0.6253472 0.5055883
0.7690972 0.36147642
0.6753472 0.45081657
0.6970486 0.42790973
0.67604166 0.44374496
0.68559027 0.4335404
0.71684027 0.40206158
0.62274307 0.4952556
0.69756943 0.41983026
0.7277778 0.38048053
0.6652778 0.44056004
0.665625 0.4393382
0.6965278 0.4023537
0.77916664 0.3168183
0.60486114 0.49075615
0.63350695 0.45979804
0.6571181 0.4332453
0.7171875 0.36634243
0.6545139 0.4259991
0.6236111 0.4503371
0.7803819 0.28875864
0.5717014 0.49385756
0.6967014 0.36791253
0.63489586 0.42668873
0.6857639 0.35722876
0.66614586 0.3416509
0.6545139 0.34991795
0.5942708 0.4028492
0.67517364 0.26907772
0.534375 0.395993
0.5711806 0.12038213
G9
0.92517364 0.68273276
0.84149307 0.68958175
0.9144097 0.60164535
0.82100695 0.6048826
0.9458333 0.47449058
0.70729166 0.6971078
0.85225695 0.53956616
0.7892361 0.5962498
0.82100695 0.54393315
0.790625 0.5413775
0.709375 0.6189091
0.70885414 0.6190932
0.77881944 0.5490215
0.5939236 0.732597
0.70694447 0.6193975
0.8211806 0.5044168
0.6866319 0.6338065
0.72725695 0.59164643
0.55086803 0.75737095
0.81024307 0.49618357
0.8208333 0.48378646
0.6564236 0.6457541
0.7583333 0.54033226
0.7590278 0.53678083
0.9361111 0.35881358
0.72899306 0.56429636
0.79010415 0.5021028
0.63524306 0.6482754
0.6859375 0.58822626
0.70763886 0.5654496
0.7282986 0.5443708
0.7586806 0.5096578
0.67638886 0.59013844
0.86302084 0.39908332
0.7586806 0.4977802
0.7581597 0.4947073
0.47100693 0.78073025
0.70694447 0.5420315
0.6027778 0.64610136
0.84166664 0.40427864
0.67760414 0.5671873
0.6267361 0.6155329
0.5208333 0.71910197
0.83090276 0.40831852
0.63697916 0.5976992
0.69722223 0.5374248
0.5204861 0.71043736
0.7065972 0.5240021
0.75850695 0.46795338
0.7270833 0.49891305
0.81041664 0.41520214
0.70677084 0.51637644
0.7274306 0.49117494
0.7894097 0.4258933
0.67586803 0.53877234
0.7269097 0.48337102
0.70625 0.50363445
0.8111111 0.38710093
0.7583333 0.4314311
0.7486111 0.43992698
0.5921875 0.59422815
0.7899306 0.3938477
0.67517364 0.5069599
0.76944447 0.4070475
0.60364586 0.5715287
0.70711803 0.44354022
0.64565974 0.50129735
0.7487847 0.39337105
0.75850695 0.38321102
0.6753472 0.4570812
0.7175347 0.4142059
0.6354167 0.48627627
0.7395833 0.36890048
0.71649307 0.39188004
0.52013886 0.58672845
0.62430555 0.46778572
0.5512153 0.53208816
0.6559028 0.4245116
0.88350695 0.1873362
0.53020835 0.5323214
0.70694447 0.35378945
0.5190972 0.53998375
0.68559027 0.36764622
0.6263889 0.42492944
0.6331597 0.41594124
0.7269097 0.31932086
0.54114586 0.5046346
0.7078125 0.3328079
0.70625 0.32926172
0.6440972 0.39007807
0.7078125 0.32615948
0.60260415 0.42187816
0.6965278 0.32602465
0.7270833 0.29195166
0.49913195 0.46019232
0.6545139 0.30426425
0.6762153 0.26076156
0.58489585 0.3162489
0.59149307 0.29485607
0.68680555 0.111104846
G10
0.92517364 0.68273276
0.84149307 0.68958175
0.81059027 0.6553757
1.01875 0.43682915
0.8824653 0.5667511
0.8833333 0.5652183
0.91475695 0.52893686
0.7803819 0.6473006
0.72864586 0.68354815
0.89340276 0.50279295
0.95642364 0.43859237
0.7899306 0.5942143
0.9145833 0.466825
0.9145833 0.4564287
0.81006944 0.5588435
0.6793403 0.68847525
0.5732639 0.7874669
0.84184027 0.5111508
0.6546875 0.6979977
0.89392364 0.45359796
0.7083333 0.6391243
0.84131944 0.5011454
0.77934027 0.5574614
0.84131944 0.4923364
0.74027777 0.59275055
0.74809027 0.5811865
0.74791664 0.5811827
0.67777777 0.64928675
0.759375 0.55344176
0.6869792 0.62483275
0.67604166 0.6339797
0.7586806 0.5502254
0.9145833 0.39274698
0.7373264 0.56482196
0.8098958 0.48841655
0.81059027 0.4863937
0.62708336 0.6685842
0.9361111 0.35881358
0.9361111 0.35881358
0.8315972 0.462606
0.6024306 0.6805103
0.8109375 0.47146052
0.6236111 0.6565527
0.67569447 0.5998012
0.63524306 0.63788354
0.84097224 0.43107337
0.70694447 0.56214726
0.8208333 0.44514233
0.59618056 0.6675322
0.65520835 0.6069052
0.7279514 0.5332619
0.7590278 0.4971177
0.47100693 0.78073025
0.47100693 0.78073025
0.6246528 0.62252223
0.6553819 0.58977115
0.70642364 0.53839266
0.7796875 0.454863
0.81961805 0.41254324
0.65399307 0.57581854
0.7373264 0.49188834
0.70642364 0.5189631
0.7586806 0.46195877
0.80052084 0.41035283
0.7060764 0.4985683
0.6545139 0.54649436
0.70590276 0.4897964
0.7581597 0.43126738
0.728125 0.45724797
0.7590278 0.41879612
0.67552084 0.4991433
0.7607639 0.41124636
0.6345486 0.51776314
0.69756943 0.4542699
0.72760415 0.42376852
0.6246528 0.5245778
0.63524306 0.5129283
0.62291664 0.5171697
0.7795139 0.35878617
0.7795139 0.35869724
0.74774307 0.3841241
0.7484375 0.3629539
0.68645835 0.4046873
0.6032986 0.47962362
0.67517364 0.4074245
0.67586803 0.40012807
0.70625 0.36962014
0.5515625 0.5225642
0.66770834 0.40461117
0.70677084 0.34691602
0.5520833 0.48474807
0.5222222 0.5132781
0.6770833 0.35345578
0.63489586 0.394917
0.6237847 0.3860126
0.7685764 0.23077738
0.6545139 0.33261
0.7586806 0.18690848
0.8107639 0.1287641
0.6545139 0.21750176
G11
0.92517364 0.68273276
0.84149307 0.68958175
0.96649307 0.55875194
0.8833333 0.6301634
0.90434027 0.5989715
0.99809027 0.47467446
0.9357639 0.52976954
0.9565972 0.49656534
0.8833333 0.5693074
0.8098958 0.6048003
0.7798611 0.6323115
0.8520833 0.55386066
0.9142361 0.47731882
0.8619792 0.52634805
0.84166664 0.53331447
0.7842014 0.5824719
0.83142364 0.53473866
0.9036458 0.46213287
0.90416664 0.46017104
0.65381944 0.7099999
0.83211803 0.5311911
0.7796875 0.58164287
0.86267364 0.49496174
0.7175347 0.634091
0.73819447 0.602414
0.6770833 0.6616229
0.5951389 0.7369112
0.65520835 0.6731901
0.83090276 0.4974789
0.7895833 0.53762525
0.8940972 0.42716056
0.69930553 0.6186022
0.7586806 0.55676436
0.70642364 0.6074457
0.67552084 0.6376561
0.70694447 0.59708047
0.9145833 0.38766575
0.80052084 0.49414265
0.6248264 0.6696081
0.57309026 0.7168783
0.6753472 0.6062294
0.90208334 0.37744963
0.6248264 0.65242136
0.9458333 0.32893163
0.6331597 0.6403742
0.70711803 0.563989
0.6765625 0.59000623
0.81024307 0.44834954
0.68819445 0.5697048
0.83142364 0.42243725
0.81059027 0.44304413
0.81059027 0.44141173
0.8098958 0.44159585
0.68559027 0.56491286
0.7899306 0.45632917
0.6237847 0.61829984
0.80138886 0.43926114
0.6342014 0.5961289
0.7373264 0.49188834
0.7373264 0.49188834
0.66475695 0.56427896
0.77899307 0.4452045
0.7375 0.48430026
0.6362847 0.58268666
0.5815972 0.6358339
0.75850695 0.45557296
0.7795139 0.43324602
0.86267364 0.34670192
0.65625 0.54952127
0.7074653 0.4982921
0.65850693 0.5353236
0.67569447 0.5130888
0.5503472 0.63481295
0.51961803 0.6647973
0.70885414 0.46798253
0.6333333 0.5433351
0.55225694 0.6204583
0.71684027 0.45172334
0.6753472 0.49192804
0.5715278 0.5956292
0.8109375 0.35603362
0.8003472 0.36524206
0.74756944 0.39989823
0.5810764 0.5645666
0.7902778 0.35350055
0.74809027 0.39479256
0.7074653 0.43316597
0.73836803 0.39762813
0.7690972 0.35931545
0.68559027 0.4426182
0.78975695 0.33660114
0.65434027 0.4467005
0.68559027 0.41139734
0.67517364 0.41724765
0.7482639 0.33575553
0.7267361 0.35353976
0.575 0.46743685
0.61475694 0.4202081
0.83142364 0.20349991
0.67586803 0.32259864
G12
1.0397569 0.61235154
0.96666664 0.6451571
0.92517364 0.68273276
0.9248264 0.6348345
0.84149307 0.68958175
0.8619792 0.6533522
0.9045139 0.5847949
0.87309027 0.5980217
0.6862847 0.77627826
0.7795139 0.6779438
0.7074653 0.7495872
0.87309027 0.5834862
0.84131944 0.5999874
0.8411458 0.5981064
0.77916664 0.65738964
0.7899306 0.643497
0.8420139 0.5854987
0.8628472 0.56124866
0.8940972 0.51451516
0.77916664 0.62719905
0.8833333 0.517025
0.8932292 0.50149655
0.7892361 0.60520613
0.68680555 0.7059339
0.87309027 0.5193883
0.77899307 0.6133845
0.84149307 0.54356605
0.77899307 0.60378313
0.77934027 0.60234964
0.91475695 0.46638006
0.78055555 0.59685576
0.84166664 0.522601
0.84184027 0.52095616
0.8098958 0.549129
0.65625 0.69971097
0.8407986 0.51181936
0.8315972 0.51551116
0.70590276 0.633031
0.61354166 0.72491986
0.83177084 0.49923617
0.7263889 0.5940279
0.72760415 0.58677703
0.7277778 0.58201087
0.7270833 0.5820286
0.7586806 0.5476246
0.7795139 0.52447975
0.6857639 0.6116726
0.8107639 0.48410594
0.8628472 0.42765695
0.8204861 0.46689957
0.7317708 0.5511365
0.76979166 0.5095779
0.78975695 0.4889453
0.8524306 0.42023182
0.81041664 0.46113205
0.7265625 0.5442295
0.8828125 0.38418335
0.7170139 0.5499749
0.8637153 0.40269512
0.72725695 0.5388794
0.7842014 0.47849923
0.75850695 0.4993549
0.69930553 0.5577469
0.75972223 0.4958653
0.7894097 0.46452618
0.6956597 0.5555619
0.76875 0.47875088
0.57222223 0.6747031
0.60538197 0.64001364
0.66475695 0.5726534
0.7899306 0.4457208
0.83142364 0.40328658
0.6440972 0.58865553
0.63645834 0.59542906
0.70694447 0.51522505
0.6458333 0.5749182
0.5434028 0.65510595
0.81041664 0.3828503
0.58524305 0.6053145
0.6645833 0.5143937
0.68541664 0.48169267
0.71666664 0.44814026
0.64375 0.50621134
0.65520835 0.48416835
0.8211806 0.3103457
0.60364586 0.52115715
0.49131945 0.6293533
0.7590278 0.3583576
0.70642364 0.38662076
0.47013888 0.62113726
0.58350694 0.50691795
0.75885415 0.30228823
0.7277778 0.3105805
0.54184026 0.49136096
0.64461803 0.37421262
0.5628472 0.40736204
0.5217014 0.44071203
0.66770834 0.2690634
0.6546875 0.27209395
0.5017361 0.38056427
G13
1.0397569 0.61235154
0.96666664 0.6451571
0.9409722 0.56737494
0.8935764 0.6064057
0.8940972 0.6047301
0.90434027 0.5867686
0.81006944 0.6760158
0.8935764 0.59200305
0.7482639 0.717764
0.80086803 0.6489512
0.79010415 0.65790236
0.81041664 0.6369965
0.759375 0.6827303
0.9142361 0.5260427
0.8107639 0.62873816
0.80972224 0.6115489
0.7279514 0.6918385
0.67760414 0.73967344
0.77934027 0.6341727
0.80017364 0.61086965
0.87291664 0.5297655
0.83229166 0.5646901
0.82100695 0.56696594
0.77916664 0.6053628
0.7482639 0.63549834
0.84166664 0.53325105
0.83177084 0.54257834
0.7899306 0.57557535
0.78020835 0.5850511
0.77916664 0.5824244
0.6961806 0.664397
0.8211806 0.53684855
0.82100695 0.53623366
0.71649307 0.63217574
0.6869792 0.6587874
0.67777777 0.65746444
0.8519097 0.4806354
0.70642364 0.6234614
0.7484375 0.5701194
0.8524306 0.4616604
0.7894097 0.52075917
0.67690974 0.6323403
0.84131944 0.46403515
0.7902778 0.512579
0.87309027 0.42932415
0.77934027 0.5218402
0.7484375 0.5517417
0.7100694 0.5776956
0.8204861 0.46689957
0.8204861 0.46689957
0.77934027 0.5029383
0.8935764 0.38394272
0.5003472 0.77642846
0.5529514 0.7192937
0.81059027 0.4609264
0.6545139 0.6169701
0.7798611 0.4908951
0.6571181 0.6130947
0.74809027 0.51825047
0.8095486 0.45616013
0.68680555 0.5730938
0.78975695 0.4685437
0.75364584 0.50330365
0.7795139 0.46930736
0.7892361 0.45294714
0.728125 0.5088723
0.82256943 0.40536767
0.5715278 0.65500265
0.8098958 0.4165426
0.6041667 0.6184805
0.7583333 0.45965344
0.6574653 0.55853266
0.8831597 0.33085084
0.67517364 0.53776836
0.80069447 0.4029634
0.8527778 0.34965444
0.5532986 0.6440854
0.78975695 0.40188646
0.8619792 0.32504994
0.8625 0.3244596
0.73767364 0.4446013
0.70625 0.47128206
0.81059027 0.36585152
0.72934026 0.44276398
0.8836806 0.28232443
0.6873264 0.4645605
0.7795139 0.36453587
0.75850695 0.38406795
0.65625 0.47670156
0.6041667 0.52778745
0.7491319 0.37979293
0.60260415 0.5216975
0.8098958 0.31267148
0.70642364 0.41242373
0.66510415 0.39544225
0.5515625 0.49115062
0.8315972 0.20168394
0.5921875 0.43076706
0.5520833 0.4529239
0.553125 0.3241663
G14
1.0397569 0.61235154
0.96666664 0.6451571
0.91510415 0.60479414
0.84149307 0.6692149
0.8829861 0.5948547
0.9142361 0.54801524
0.8932292 0.5681547
0.8107639 0.64392155
0.9145833 0.5370263
0.84149307 0.6077182
0.8732639 0.57005227
0.83142364 0.5914543
0.7079861 0.709988
0.8107639 0.59393513
0.6967014 0.70541537
0.8625 0.537039
0.7503472 0.6453229
0.83125 0.5582564
0.84270835 0.5435937
0.73854166 0.64655626
0.7378472 0.6441908
0.83090276 0.5483037
0.83125 0.53782225
0.7185764 0.6431414
0.77899307 0.5814373
0.8833333 0.46999246
0.63524306 0.70992327
0.6453125 0.698295
0.6892361 0.6536289
0.7895833 0.551957
0.81041664 0.5307574
0.8420139 0.49545062
0.91510415 0.42153388
0.7269097 0.6070013
0.8628472 0.4682266
0.8362847 0.4866771
0.80017364 0.5203608
0.6246528 0.6948366
0.65416664 0.65745616
0.74809027 0.5613582
0.75850695 0.5474448
0.81024307 0.49545395
0.59600693 0.7036936
0.7060764 0.58799523
0.8420139 0.44980437
0.5001736 0.79065204
0.57256943 0.7076577
0.6861111 0.5849829
0.88489586 0.38160902
0.75989586 0.50470555
0.67725694 0.5854533
0.7097222 0.5525851
0.72725695 0.5325543
0.6241319 0.6336695
0.7890625 0.4681521
0.67517364 0.5814287
0.77916664 0.47341835
0.9770833 0.2746241
0.7270833 0.52400964
0.7491319 0.5018543
0.8732639 0.3703537
0.8204861 0.41671413
0.6548611 0.5819025
0.78975695 0.4447829
0.5520833 0.68199956
0.62604165 0.6057145
0.8208333 0.41021848
0.7894097 0.44133782
0.8833333 0.34278214
0.7895833 0.4356534
0.6232639 0.5990652
0.6467014 0.5747669
0.7894097 0.42946905
0.6753472 0.5391823
0.6548611 0.55842435
0.575 0.63649964
0.62430555 0.5771338
0.6560764 0.5432354
0.65625 0.5377017
0.7270833 0.46363246
0.60381943 0.5838196
0.7786458 0.40080613
0.6576389 0.50934625
0.5003472 0.6654855
0.6253472 0.53708017
0.8206597 0.3388595
0.7998264 0.34997588
0.70625 0.43945688
0.7373264 0.40801597
0.7104167 0.43234485
0.696875 0.44428903
0.6045139 0.5277227
0.7065972 0.42471558
0.7803819 0.33416033
0.51059026 0.6021466
0.6234375 0.48516506
0.7378472 0.3576867
0.6237847 0.43933308
0.7894097 0.25732052
0.6550347 0.30278587
G15
1.0397569 0.61235154
0.96666664 0.6451571
0.9145833 0.6573667
0.8829861 0.68273276
0.8940972 0.6337265
0.9878472 0.5368508
0.98767364 0.5246755
0.91475695 0.59370387
0.86354166 0.6387894
0.96666664 0.5261169
0.9454861 0.5472714
0.84149307 0.64789665
0.8828125 0.6046321
0.89340276 0.59218585
0.8833333 0.5957611
0.89392364 0.57610613
0.88350695 0.5706202
0.8836806 0.5694907
0.8112847 0.62170947
0.83125 0.5991248
0.7579861 0.66452086
0.77934027 0.63593245
0.92465276 0.48318917
0.8623264 0.543592
0.93524307 0.4702844
0.8315972 0.57282543
0.9045139 0.49649322
0.7717014 0.6276148
0.83142364 0.56276786
0.7498264 0.64322704
0.89375 0.49247706
0.77916664 0.60666597
0.7895833 0.594926
0.81059027 0.5720633
0.8310764 0.54982543
0.6458333 0.73181915
0.84166664 0.52775955
0.86267364 0.49386466
0.9045139 0.45119148
0.8520833 0.50038815
0.70642364 0.645542
0.62604165 0.72550917
0.71770835 0.6323721
0.8513889 0.49687278
0.73819447 0.60592127
0.8411458 0.5026206
0.84149307 0.50127006
0.7375 0.60447365
0.8625 0.46823305
0.6565972 0.67114353
0.7097222 0.6142554
0.81006944 0.5134891
0.6440972 0.67915726
0.8628472 0.45613706
0.65555555 0.6611823
0.70642364 0.60582495
0.7894097 0.5218109
0.8 0.5107745
0.68559027 0.62349814
0.67725694 0.6301359
0.67725694 0.6297284
0.8098958 0.49700212
0.8420139 0.45655918
0.7809028 0.5172299
0.7899306 0.5062727
0.7888889 0.5059463
0.70763886 0.58366483
0.8211806 0.45772898
0.8935764 0.37572896
0.86302084 0.40582198
0.6258681 0.63618714
0.75989586 0.5002711
0.7592014 0.48100424
0.7895833 0.4478385
0.7270833 0.5081746
0.6861111 0.5445591
0.86302084 0.3490219
0.6027778 0.60465103
0.8003472 0.40496606
0.70642364 0.4936393
0.49913195 0.6937359
0.7274306 0.46473515
0.76232636 0.42910546
0.6548611 0.5303925
0.7060764 0.47602093
0.6574653 0.5192647
0.6644097 0.48928314
0.6265625 0.52578187
0.81024307 0.34034443
0.68524307 0.46388316
0.8107639 0.3178665
0.7595486 0.34663314
0.50190973 0.5723846
0.65434027 0.38976353
0.5751736 0.46433133
0.6342014 0.3924017
0.63350695 0.38994712
0.6357639 0.35837662
0.60364586 0.3712498
0.6032986 0.31456882
G16
1.01875 0.70584345
1.0397569 0.6748532
1.05 0.62493604
1.0079861 0.6489939
1.0397569 0.61235154
0.91475695 0.7121483
1.0397569 0.5835055
0.96666664 0.6451571
1.0083333 0.5725634
0.93541664 0.6431769
0.9142361 0.64909923
0.92517364 0.6051091
0.8628472 0.6516192
0.97725695 0.5342419
0.95642364 0.55283415
0.9145833 0.59035605
0.86215276 0.62921333
0.88350695 0.5841739
0.8420139 0.620978
0.92413193 0.5247135
0.8107639 0.6363479
0.85225695 0.5906849
0.96631944 0.47334987
0.87291664 0.5575346
0.81059027 0.6001185
0.8109375 0.5959874
0.73993057 0.6645924
0.7592014 0.6427463
0.8623264 0.53956544
0.85225695 0.545823
0.80017364 0.5829926
0.81059027 0.5702585
0.6559028 0.72324955
0.8732639 0.5046491
0.88385415 0.49033356
0.60364586 0.7695085
0.6354167 0.73645043
0.83125 0.5345768
0.8517361 0.5125263
0.8628472 0.5013266
0.93559027 0.42725843
0.8211806 0.54076636
0.81041664 0.5464573
0.8203125 0.53548443
0.7503472 0.60527647
0.77934027 0.57580787
0.75850695 0.5944273
0.8623264 0.48936737
0.85225695 0.48975998
0.7065972 0.6343509
0.8940972 0.43613172
0.6576389 0.66978014
0.67638886 0.64581
0.65555555 0.6624472
0.6996528 0.6171156
0.6784722 0.63751125
0.75850695 0.55518675
0.7079861 0.60242045
0.67760414 0.63111126
0.9145833 0.39165187
0.7902778 0.5014277
0.7579861 0.5318977
0.9144097 0.36427498
0.8315972 0.441441
0.8206597 0.4518742
0.67604166 0.59599066
0.9142361 0.35633987
0.57274306 0.69500005
0.66475695 0.5990666
0.6449653 0.6156893
0.6550347 0.6024477
0.81006944 0.43767375
0.7282986 0.5163208
0.80017364 0.43859005
0.55399305 0.682239
0.73715276 0.48032093
0.69947916 0.51730776
0.70815974 0.50821716
0.83211803 0.38364172
0.6553819 0.55760586
0.603125 0.60952336
0.5829861 0.62479776
0.68559027 0.5204959
0.57135415 0.631845
0.76892364 0.43308496
0.68559027 0.5042307
0.5001736 0.67270255
0.70625 0.4648258
0.7274306 0.4358548
0.81006944 0.34803873
0.6545139 0.5033595
0.6237847 0.5329792
0.58177084 0.5592139
0.66736114 0.4685089
0.70677084 0.41303068
0.7690972 0.3310153
0.59565973 0.4938141
0.66631943 0.35300523
0.57447916 0.38421065
0.47847223 0.4244842
G17
1.01875 0.70584345
1.0397569 0.6748532
0.9451389 0.72106904
0.8831597 0.7323286
0.8831597 0.719514
1.0387152 0.5524594
0.93559027 0.61600924
0.96649307 0.58147085
0.8625 0.682454
0.9560764 0.585549
0.93559027 0.597192
0.93559027 0.5954118
0.8833333 0.64625657
0.91475695 0.6060266
0.93559027 0.5764835
0.9253472 0.580788
0.90381944 0.5861063
0.9670139 0.52094275
0.84166664 0.6429429
0.8625 0.6194057
0.925 0.5552155
0.8911458 0.5879173
0.9149306 0.5632678
0.7282986 0.74433684
0.8625 0.6100479
0.87309027 0.5977884
0.8517361 0.61729276
0.96684027 0.49605972
0.86215276 0.5883876
0.74791664 0.69564116
0.7899306 0.6504624
0.82100695 0.6062039
0.87430555 0.54835737
0.83229166 0.5896168
0.8940972 0.5112101
0.8940972 0.5103464
0.83125 0.5696485
0.678125 0.7225219
0.6767361 0.7133373
0.9461806 0.44260013
0.93541664 0.4491521
0.81059027 0.56698585
0.7800347 0.5917771
0.728125 0.64332
0.6559028 0.7148472
0.7501736 0.6166354
0.86215276 0.5026242
0.8628472 0.5013266
0.8628472 0.5013266
0.9045139 0.4504968
0.8628472 0.48918772
0.89375 0.45212203
0.7065972 0.6343509
0.7065972 0.6343509
0.7592014 0.57955074
0.73715276 0.57631147
0.72725695 0.58307755
0.8940972 0.4111901
0.6875 0.61411333
0.8833333 0.41728848
0.6567708 0.6423875
0.80069447 0.49415797
0.72760415 0.55721915
0.75850695 0.52028275
0.62604165 0.6514498
0.81059027 0.46180874
0.87309027 0.39648753
0.73802084 0.53039306
0.5847222 0.6822212
0.77916664 0.48429483
0.74809027 0.5152178
0.7204861 0.54265004
0.64392364 0.6161983
0.8107639 0.44626266
0.70642364 0.5458572
0.7796875 0.44569212
0.81059027 0.41304517
0.5520833 0.6691966
0.5828125 0.6299237
0.5729167 0.63454413
0.63350695 0.5608357
0.6748264 0.51894367
0.60381943 0.5872681
0.7378472 0.45266777
0.6559028 0.53116345
0.57430553 0.6040284
0.52239585 0.6557158
0.634375 0.540973
0.7899306 0.37966377
0.5517361 0.61070955
0.634375 0.52706957
0.57430553 0.5858676
0.5746528 0.5830919
0.62395835 0.5286673
0.8217014 0.3196978
0.7621528 0.3630398
0.49947917 0.6004717
0.43836805 0.64409554
0.60225695 0.43435973
0.4175347 0.4155264
G18
1.0394098 0.7164399
1.01875 0.70584345
1.0397569 0.6748532
1.0390625 0.6455117
0.99791664 0.6815815
0.99791664 0.6801088
0.96684027 0.6872713
1.0659722 0.57118344
0.93506944 0.69926155
0.95642364 0.66920614
0.9458333 0.6792117
0.96631944 0.64728355
1.0185764 0.57193005
0.9458333 0.6364168
0.98767364 0.5844273
0.89340276 0.6594682
0.86267364 0.6896318
0.9875 0.56413364
0.8935764 0.64899325
0.96666664 0.57313776
0.96684027 0.564209
0.8333333 0.6967398
0.91510415 0.61271465
0.89375 0.62716824
0.84166664 0.67336917
0.9348958 0.58012354
0.85746527 0.65721977
0.8940972 0.6204872
0.91475695 0.599447
0.91475695 0.5983877
0.9145833 0.5917595
0.93506944 0.56191516
0.9935764 0.49893004
0.87291664 0.61595976
0.88854164 0.60009754
0.87291664 0.61472535
0.9461806 0.51988506
0.83142364 0.63463956
0.88350695 0.5814162
0.8625 0.60077775
0.93559027 0.5229964
0.7487847 0.7097059
0.8428819 0.60806066
0.89340276 0.5566353
0.81145835 0.63753605
0.67777777 0.7674464
0.83142364 0.61284375
0.9144097 0.52685004
0.9253472 0.51485646
0.8628472 0.56781715
0.7369792 0.691398
0.90416664 0.5203837
0.78975695 0.63465613
0.709375 0.71236694
0.8833333 0.5272505
0.8628472 0.53650105
0.8677083 0.52994144
0.65625 0.73809314
0.759375 0.63256085
0.81024307 0.57659626
0.7895833 0.5879565
0.8623264 0.50840735
0.85260415 0.51537824
0.6871528 0.6791529
0.8720486 0.48843795
0.67725694 0.6824961
0.8628472 0.4945026
0.7182292 0.6321862
0.6871528 0.6626041
0.8310764 0.51519597
0.81041664 0.5327385
0.6869792 0.65352786
0.925 0.41440386
0.87291664 0.46429926
0.70729166 0.62344134
0.7484375 0.5723676
0.83142364 0.48033178
0.74809027 0.5478518
0.6246528 0.66608286
0.7579861 0.53220874
0.88385415 0.40634072
0.86267364 0.42501998
0.8107639 0.47580433
0.68645835 0.59647524
0.7196181 0.558543
0.7373264 0.54029346
0.8628472 0.4125219
0.75850695 0.51207924
0.7378472 0.5269743
0.89392364 0.3687033
0.65625 0.60562944
0.65625 0.6020013
0.7586806 0.49390137
0.6861111 0.54310346
0.70590276 0.4706614
0.6862847 0.4720435
0.8519097 0.26476783
0.6241319 0.46668983
0.53125 0.46634436
0.70642364 0.28427678
G19
1.0394098 0.7164399
1.0809028 0.67375886
1.01875 0.70584345
1.0442709 0.6476901
0.9873264 0.7026807
0.98767364 0.6843336
0.9767361 0.6864611
1.05 0.5887884
1.0659722 0.57118344
1.0659722 0.57118344
0.96666664 0.65747017
1.0291667 0.59183216
0.9456597 0.6574026
0.8831597 0.719514
0.9671875 0.6087034
0.91475695 0.657049
0.8940972 0.67125314
0.89375 0.66703963
0.9875 0.55885327
0.84149307 0.70338684
0.86267364 0.6792934
0.89340276 0.64838576
0.83229166 0.70519006
0.94635415 0.58600354
0.86215276 0.6669353
0.9456597 0.5791781
0.83142364 0.6881928
0.7814236 0.7301844
1.0395833 0.46763903
0.8123264 0.69158024
0.88350695 0.61503744
0.8435764 0.65009284
0.86267364 0.6297933
0.87291664 0.61595976
0.8833333 0.6006049
0.91475695 0.56878245
0.9149306 0.56686556
0.8836806 0.59782803
0.91475695 0.5628878
0.93524307 0.54125595
0.9145833 0.554029
0.8833333 0.5776708
0.9145833 0.54042774
0.8628472 0.590428
0.81059027 0.64187956
0.89375 0.5583823
0.84149307 0.6084128
0.8940972 0.5506151
0.88350695 0.5562166
0.8315972 0.602666
0.88350695 0.5489147
0.81059027 0.6140964
0.8112847 0.61073315
0.709375 0.71236694
0.709375 0.71236694
0.709375 0.71236694
0.6862847 0.73297334
0.65815973 0.7607497
0.6782986 0.7393527
0.8619792 0.5540669
0.7079861 0.7072376
0.84166664 0.56815326
1.017882 0.39019197
0.83125 0.5706588
0.90399307 0.49224883
0.89375 0.49305677
0.8107639 0.57424843
0.8836806 0.49977028
0.7892361 0.5909497
0.6770833 0.69164777
0.6251736 0.74041784
0.8829861 0.4819907
0.8625 0.49647802
0.79097223 0.5647259
0.71944445 0.63243985
0.6875 0.6525162
0.8107639 0.52675295
0.6559028 0.6813936
0.67777777 0.6583897
0.70642364 0.62632847
0.8310764 0.49488264
0.6869792 0.63719356
0.8107639 0.51290065
0.62725693 0.68483996
0.6979167 0.6118054
0.77934027 0.52742165
0.84166664 0.461851
0.87395835 0.4282217
0.96649307 0.33472252
0.6565972 0.63426733
0.8204861 0.460442
0.70625 0.56680644
0.70625 0.55956817
0.77916664 0.47553557
0.85225695 0.39972788
0.65520835 0.5925047
0.63663197 0.61054724
0.9144097 0.322343
0.7899306 0.43109834
0.60520834 0.5364494
G20
1.0814236 0.75582397
1.0388889 0.768722
1.0394098 0.7535954
1.0503472 0.71786714
1.0291667 0.73903394
1.0394098 0.7164399
1.0809028 0.67375886
1.0607638 0.68022406
0.9869792 0.7491623
0.99809027 0.7235576
1.01875 0.6984694
1.060243 0.65371335
0.9767361 0.72791517
1.0496528 0.63937336
0.9923611 0.6801074
1.0815972 0.59081197
0.96684027 0.6988278
1.0185764 0.6454119
0.93506944 0.71936476
0.93524307 0.714694
0.98767364 0.6601784
1.0239583 0.6017114
0.96631944 0.6497302
1.0713542 0.540153
0.9458333 0.66268337
0.93506944 0.6689988
0.925 0.67867863
0.9927083 0.6042066
0.9458333 0.6486232
0.89375 0.6801233
0.9458333 0.61943495
0.89375 0.6698396
0.9769097 0.58060956
0.9458333 0.6051004
0.89375 0.6485139
0.88350695 0.65313804
0.91614586 0.6176219
0.99809027 0.53557175
0.99791664 0.52821296
0.9458333 0.57975405
0.90434027 0.62035596
0.96684027 0.5553528
0.8940972 0.6229906
0.8829861 0.63324916
0.89340276 0.61962664
1.0708333 0.44145662
0.9145833 0.5951859
0.86215276 0.64738667
0.8836806 0.6256857
0.86215276 0.64706
0.8581597 0.64482737
0.89375 0.606374
0.9458333 0.54453135
0.91475695 0.56797683
0.72934026 0.7526106
0.9145833 0.56669694
0.83125 0.648787
0.84184027 0.63590384
0.93524307 0.54125595
0.8625 0.61277723
0.6880208 0.78181225
0.88350695 0.5801066
0.70763886 0.75521547
0.84149307 0.6188785
0.93559027 0.52428037
0.7296875 0.72858095
0.88350695 0.5729811
0.8625 0.59309125
0.81059027 0.6437723
0.8111111 0.6428004
1.0697917 0.38094223
0.9145833 0.52845764
0.8623264 0.56989884
0.709375 0.71236694
0.709375 0.71236694
0.65815973 0.7607497
0.65815973 0.7607497
0.6782986 0.7393527
0.95642364 0.46122748
0.7074653 0.7092756
0.67864585 0.7365803
0.85225695 0.5614692
0.92517364 0.4839781
0.93559027 0.46906793
0.81041664 0.5910287
0.75850695 0.639931
0.8128472 0.58360946
0.86215276 0.53170806
0.70885414 0.6758038
0.9045139 0.47237164
0.9359375 0.4393149
0.8833333 0.48351163
0.92465276 0.44005698
0.9359375 0.42656142
0.7895833 0.56790066
0.7894097 0.55014175
0.6875 0.6485013
0.6861111 0.61262274
0.6564236 0.54331446
0.57430553 0.57208604
